-36.668102073365134
-36.918362049728124
-16.371751412429223
-20.238244506220106
-17.11635964298454
-30.772662053851256
-25.99829553661829
11.278666515604762
-21.811111111112506
-0.13418644330871388
52.81356792794264
2.7412558380889003
-58.549478634227604
95.2240739302658
131.09823144944147
116.26447632292417
20.08308563340713
251.1732922686118
133.0001793154401
613.9533626108675
153.75029940120064
218.33004489638878
425.27402399864764
367.7205444571738
932.4708037000744
229.59595651345205
403.48951048951875
464.9286175908322
376.5835642618227
193.64518272425602
233.66912521046007
-27.030609854751958
112.41586836103279
643.1877843086983
709.1668062890723
176.16700629899867
652.6261754618633
740.7789422307702
54.57231121281712
760.2499916064999
715.2136837907823
1561.5876935400904
969.6434034005117
46.576102203869524
454.8464667596403
632.4177109573802
861.9468835512159
970.7447355061241
800.3939749534134
594.3582802411463
839.5550432785582
758.6983325822235
922.2488146854939
793.9220916820684
913.2866549604672
1124.7044640666954
1091.8466436080435
1104.1241764424353
1197.1014092999376
1038.1952433023328
691.8316407665989
383.71811846690525
623.7273797110051
249.53473497187778
1192.6706826045847
302.07378969685226
1310.5006177398623
402.3446882714753
798.4543105447611
860.5411334458415
-6.7218782249752635
725.1045269952463
410.2934841176251
1018.4321115403434
1066.8942803268214
407.9609121158658
1102.119496855323
12.114381857435156
746.8021436227041
346.31262626262185
161.9008837825935
634.0952380952331
1168.2621641109226
1143.2577181207912
1002.9633866033718
346.2515819554982
831.829726256247
1002.1016194331864
1528.9187677842137
567.0193289360454
1472.029629629601
1655.4111292627963
1143.9566695476692
845.7510997801437
1845.1849816849626
1481.2912423221505
1172.1111111110927
1120.1566009618439
1446.1590471827458
1669.9367755531941
1735.7325259515333
1010.8875546487761
1683.9547207751511
1265.0744833782337
1256.7371069182173
1811.9953379953126
112.25613523552184
150.01778656126808
-24.48596491228004
78.01651106613983
99.53365423185315
733.888287534266
165.94296841808006
1060.1953488371964
1016.8387705416841
894.1223185810887
573.4738370334474
1018.0132449057892
688.7707073615454
1489.388650734093
1288.1789276670415
1628.6784077878692
1489.9959568732854
1705.5396761133316
1673.502311240683
1448.6930311929245
1580.053938994934
1621.6908256880506
1792.6062783973255
1702.7815286938658
1835.899999999977
1664.4955362124456
1754.1325848064707
1538.343475977925
1711.0529411764442
1760.0554347825862
1824.0785467127798
1032.1662154709757
390.4981528374099
1439.4057480804827
564.6415282392028
1151.213656950395
890.3951619165766
1709.7931806868874
1352.960066006581
1532.0074829931696
792.6490531279775
1656.043821874207
989.5558566822581
612.5932477380023
1120.3480144404302
1325.8381783940822
1471.5706639235832
1592.512362127755
1584.2164835164572
1710.9198653198373
1566.153649167702
631.9199947428273
1526.8152207749426
1765.9145896656353
1769.589846282519
1107.220860975945
1793.2999999999856
1776.8051495016357
478.2135681669888
993.4370987831702
1497.1700400228483
1720.9489404238045
1803.1025316455477
1313.467011732203
1840.5416166466348
497.8219952374949
1572.3290322580451
1775.6776978417006
1562.1365079364878
1566.3804404743419
1768.2987012986691
424.6958231589795
1292.7243243242951
1555.6560126434933
1641.6089700996495
1492.638012954122
1709.1866093805677
1836.1072463767873
1761.4841416647632
1867.2999999999777
1655.831229235859
1831.4999999999682
1754.4043624160772
1741.6879798262612
1763.1860488522163
1632.4480532613857
1146.282926829254
1597.681007970858
1756.0881431767093
1588.2159096321761
1822.6495261494938
1021.4382684581012
1796.567676767648
1822.0170015051076
1884.099999999978
1825.0393574297013
1812.1438538205757
1796.8448868071644
1807.3812131919567
1829.5996677740636
1485.812694199202
877.5399209486015
1614.1093793634523
1783.9899648164344
1804.2586356549637
970.0709905688441
1644.2647058823425
1623.0941176470346
1504.7605633802573
1912.0999999999804
1715.2412186379802
1836.6542194092565
1064.4587589371436
1871.2354430379564
1845.9076923076761
1438.0250712250465
1475.0597359735812
1842.9081967212844
1603.8552631578705
1401.4566049109553
1614.0734107996977
1779.8293309075839
1118.130769230769
438.04707996405864
962.3059288537457
1904.6999999999894
1893.1999999999748
1861.227147766298
1458.5220797459597
1873.4912280701565
1798.1494048132736
1550.1829249469067
1603.5997557997275
1559.5171489616205
1806.9494810499668
1762.7874491359453
1599.170480928659
1171.9972222221963
1829.8125307124938
1832.1282051281778
1231.4503450560014
1856.9788530465696
1202.1302339354152
1731.93576451306
668.4965082639357
1653.6034482758403
1731.8464517148363
1260.882385730194
974.6574025175623
1011.3574750830334
760.3023727816352
1703.8750095939622
757.5194585075844
1534.635298361307
1873.9999999999795
1842.7961240309864
914.5843672456489
1736.1129770992168
1738.7059602648742
1602.227728709156
1514.1661721067953
1752.1110663983525
1712.2086535457343
1718.3587436894575
1759.1280241300424
1223.8808631921572
1749.8054982817596
1405.9128113878755
1126.917674636641
1636.2632653061007
1704.2243179830343
1548.4569198916765
1232.5437710437502
1298.8520594513247
1105.9670314536397
1119.3741765480743
1570.482067247791
1146.822875209196
1132.8822843822602
1042.3640197012103
1501.3701754385702
1249.228580771718
1678.6650414431645
1107.2300269765378
1212.3020331106375
624.8534103366187
1117.444860224496
1473.4365192340067
1214.6343707970614
1734.767043787946
1203.9730158729876
1417.192890347258
913.4951478564603
1654.7725891708901
1230.842946471496
1075.3405982905706
878.661937586144
1521.786612482364
1210.8131024723016
933.4566073557216
1707.6927335639944
629.9314682835106
324.1164514591114
613.3865934041673
792.0281989154173
713.9194056569938
84.48117720143284
462.0890373519519
614.9837837837725
110.42963409865631
454.03300330032886
685.8720260773771
648.6602463206322
410.9999999999971
354.7031578390148
166.27137954702255
530.1426091975329
814.4208545596337
798.9442086368838
1314.8030479142235
1393.5777041942445
443.6899280575503
889.5741000423301
839.4552355856466
1098.3742000503664
1805.6577060931675
1663.05190076028
1281.0824005703328
1740.8627033681905
1679.3857357357056
859.3459362692405
1343.6219304918302
1729.7190611368628
1245.1273809523605
1600.5984702239812
1784.8287356321603
1446.4235071416065
872.4935806788446
1642.1505064161606
1797.5562224915216
1566.1993710691522
827.8522388059541
1848.0187265917357
783.9108133172467
1546.8057305952811
633.3841251275326
1367.6715247714965
1830.2086419752898
